Image,Start,End,Seals
WV03_20171129062637_1040010036213000_17NOV29062637-P1BS-501953987040_01_P001_u08rf3031,1553541190.7841613,1553541294.4605627,111
WV03_20171120055114_1040010035AAA000_17NOV20055114-P1BS-501934286100_01_P009_u08rf3031,1553541294.5680583,1553541437.6079898,0
WV03_20171109235310_10400100341DFC00_17NOV09235310-P1BS-501896793030_01_P002_u08rf3031,1553541437.7357774,1553541582.372516,126
WV03_20170818231641_104001003056F000_17AUG18231641-P1BS-501946154070_01_P003_u08rf3031,1553541582.5004623,1553541720.226807,16
WV03_20171027122838_1040010033354400_17OCT27122838-P1BS-501896680100_01_P001_u08rf3031,1553541720.3642094,1553541856.489555,0
WV03_20171203105019_1040010036080E00_17DEC03105019-P1BS-501934403080_01_P005_u08rf3031,1553541856.6260831,1553542004.0272286,18
WV03_20170610231023_104001002E331300_17JUN10231023-P1BS-501946149020_01_P010_u08rf3031,1553542004.1575239,1553542129.7669456,3
WV03_20170818231741_1040010031442200_17AUG18231741-P1BS-501946158030_01_P006_u08rf3031,1553542129.8919644,1553542253.011858,0
WV03_20171120103825_1040010032AD0200_17NOV20103825-P1BS-501896675030_01_P006_u08rf3031,1553542253.151307,1553542383.968743,2
WV03_20170921030657_1040010033A5E500_17SEP21030657-P1BS-501946337100_01_P004_u08rf3031,1553542384.0958967,1553542502.4145021,49
WV03_20171228135554_10400100358E6900_17DEC28135554-P1BS-501932180020_01_P002_u08rf3031,1553542502.5363505,1553542652.3357115,14
WV03_20171206145110_1040010036A46700_17DEC06145110-P1BS-501956603040_01_P005_u08rf3031,1553542652.4712825,1553542786.0886939,1
WV03_20171011211610_1040010033D7AD00_17OCT11211610-P1BS-501862137040_01_P005_u08rf3031,1553542786.2146037,1553542922.2560883,0
WV03_20171127203220_10400100360E0700_17NOV27203220-P1BS-501934408050_01_P009_u08rf3031,1553542922.39168,1553543048.8454814,2
WV03_20171126053931_10400100350FF100_17NOV26053931-P1BS-501920251100_01_P003_u08rf3031,1553543048.9693038,1553543193.1622012,0
WV03_20171014135442_1040010034033600_17OCT14135442-P1BS-501862138030_01_P003_u08rf3031,1553543193.2928476,1553543323.4697163,66
WV03_20170922144258_1040010033327700_17SEP22144258-P1BS-501946286070_01_P009_u08rf3031,1553543323.5927064,1553543445.4221084,1
WV03_20180110140220_104001003529FE00_18JAN10140220-P1BS-501922394090_01_P001_u08rf3031,1553543445.5511901,1553543554.8819628,73
WV03_20171109235229_1040010035198000_17NOV09235229-P1BS-501920259100_01_P002_u08rf3031,1553543555.040612,1553543587.7034945,4
WV03_20171104031034_10400100355B6300_17NOV04031034-P1BS-501932127020_01_P001_u08rf3031,1553543587.7967064,1553543712.8708222,15
WV03_20180101145843_1040010037B88500_18JAN01145843-P1BS-501954111100_01_P002_u08rf3031,1553543712.997502,1553543744.6301236,35
WV03_20171022030356_1040010035184800_17OCT22030356-P1BS-501862244090_01_P002_u08rf3031,1553543744.71555,1553543864.6688704,0
WV03_20170722224419_104001002E7EBE00_17JUL22224419-P1BS-501497905050_01_P009_u08rf3031,1553543864.7977912,1553543976.2875278,195
WV03_20170927030258_1040010033243E00_17SEP27030258-P1BS-501946283040_01_P005_u08rf3031,1553543976.412334,1553544131.9822636,0
WV03_20171225082727_10400100377EF300_17DEC25082727-P1BS-501968401030_01_P005_u08rf3031,1553544132.1308043,1553544276.5850468,12
WV03_20170929225821_10400100338A4A00_17SEP29225821-P1BS-501946335030_01_P006_u08rf3031,1553544276.7308934,1553544411.3743901,0
WV03_20171111211402_104001003542ED00_17NOV11211402-P1BS-501922413050_01_P004_u08rf3031,1553544411.5070434,1553544569.655866,23
WV03_20170912004605_1040010032BA9C00_17SEP12004605-P1BS-501946254030_01_P006_u08rf3031,1553544569.7777152,1553544732.7205114,5
WV03_20170915125008_10400100325C3700_17SEP15125008-P1BS-501946236090_01_P001_u08rf3031,1553544732.870294,1553544869.4017885,0
WV03_20170911150629_1040010032BC1100_17SEP11150629-P1BS-501603154060_01_P003_u08rf3031,1553544869.538353,1553544997.4137263,14
WV03_20171101054519_10400100364BCD00_17NOV01054519-P1BS-501954085020_01_P001_u08rf3031,1553544997.6713045,1553545121.7382438,2
WV03_20171230044607_1040010036D44200_17DEC30044607-P1BS-501968325080_01_P006_u08rf3031,1553545121.860055,1553545255.5617018,6
WV03_20171024051126_10400100331D3500_17OCT24051126-P1BS-501896678040_01_P002_u08rf3031,1553545255.8052707,1553545413.2754989,0
WV03_20171023000437_10400100321C5900_17OCT23000437-P1BS-501861930050_01_P005_u08rf3031,1553545413.5592449,1553545580.1356575,3
WV03_20171019070913_104001003379BC00_17OCT19070913-P1BS-501862023040_01_P004_u08rf3031,1553545580.2649827,1553545735.4514782,124
WV03_20171209023225_1040010036498000_17DEC09023225-P1BS-501954013070_01_P006_u08rf3031,1553545735.7079175,1553545909.9109242,0
WV03_20170831023108_1040010030881E00_17AUG31023108-P1BS-501667671070_01_P002_u08rf3031,1553545910.3126266,1553546040.5663223,0
WV03_20180110140240_10400100366F8800_18JAN10140240-P1BS-501956505020_01_P001_u08rf3031,1553546040.6858318,1553546174.738375,75
WV03_20171017063557_1040010034422D00_17OCT17063557-P1BS-501862150070_01_P004_u08rf3031,1553546174.9695315,1553546305.6702719,9
WV03_20171105032725_104001003356D400_17NOV05032725-P1BS-501896770020_01_P006_u08rf3031,1553546305.7939115,1553546474.5509634,0
WV03_20170910113307_10400100314FB900_17SEP10113307-P1BS-501669229050_01_P002_u08rf3031,1553546474.900983,1553546636.9283667,11
WV03_20171108220343_1040010034415800_17NOV08220343-P1BS-501917426080_01_P007_u08rf3031,1553546637.0444288,1553546779.2205358,294
WV03_20170901140630_1040010031BE8A00_17SEP01140630-P1BS-501669350010_01_P004_u08rf3031,1553546779.477651,1553546923.529978,0
WV03_20170904131429_1040010032B95100_17SEP04131429-P1BS-501987121010_01_P002_u08rf3031,1553546923.6629913,1553547016.9745574,12
WV03_20171017211407_1040010033D5C700_17OCT17211407-P1BS-501989205090_01_P010_u08rf3031,1553547017.10382,1553547077.516065,8
WV03_20171205125451_1040010036C83400_17DEC05125451-P1BS-501968315050_01_P002_u08rf3031,1553547077.6125224,1553547227.616458,0
WV03_20171121140313_104001003414FE00_17NOV21140313-P1BS-501896788080_01_P004_u08rf3031,1553547227.7962701,1553547403.3053412,166
WV03_20170922014407_104001003369A000_17SEP22014407-P1BS-501946297080_01_P005_u08rf3031,1553547403.4511645,1553547435.8460233,0
WV03_20170923132119_104001003384DE00_17SEP23132119-P1BS-501946333100_01_P004_u08rf3031,1553547435.9254363,1553547585.192371,1
WV03_20171219015423_104001003753A000_17DEC19015423-P1BS-501968390020_01_P007_u08rf3031,1553547585.49922,1553547730.1622365,101
WV03_20180105124752_1040010037CE6800_18JAN05124752-P1BS-501954061030_01_P003_u08rf3031,1553547730.291876,1553547894.2115705,192
WV03_20171109235403_104001003376F300_17NOV09235403-P1BS-501896773100_01_P006_u08rf3031,1553547894.3456361,1553548060.7078397,189
WV03_20171023000538_10400100335C5B00_17OCT23000538-P1BS-501862017040_01_P002_u08rf3031,1553548060.8749368,1553548186.1975586,0
WV03_20171115025720_1040010034031900_17NOV15025720-P1BS-501896783010_01_P008_u08rf3031,1553548186.3457386,1553548305.5619943,0
WV03_20171217141838_1040010035723600_17DEC17141838-P1BS-501932160020_01_P003_u08rf3031,1553548305.7048352,1553548463.612406,242
WV03_20171107040621_10400100356CF400_17NOV07040621-P1BS-501932139010_01_P010_u08rf3031,1553548463.7353926,1553548545.3148816,0
WV03_20171018145828_1040010034500900_17OCT18145828-P1BS-501862153080_01_P001_u08rf3031,1553548545.4232433,1553548662.3522475,15
WV03_20171108220229_1040010035D7F000_17NOV08220229-P1BS-501934398080_01_P003_u08rf3031,1553548662.5025084,1553548812.9957926,8
WV03_20170828130029_1040010032227400_17AUG28130029-P1BS-501603139060_01_P003_u08rf3031,1553548813.1515174,1553548926.1158774,0
WV03_20171007134426_1040010032571A00_17OCT07134426-P1BS-501861932080_01_P006_u08rf3031,1553548926.2476366,1553549047.8170552,0
WV03_20171123224132_10400100357D2200_17NOV23224132-P1BS-501932167090_01_P001_u08rf3031,1553549047.941002,1553549171.538059,174
WV03_20171220083758_10400100362EAC00_17DEC20083758-P1BS-501953996090_01_P001_u08rf3031,1553549171.6718068,1553549291.5644028,14
WV03_20170904082453_10400100325F4900_17SEP04082453-P1BS-501603146030_01_P001_u08rf3031,1553549291.6822386,1553549449.2454016,9
WV03_20171213101306_1040010036737300_17DEC13101306-P1BS-501956506070_01_P004_u08rf3031,1553549449.3793457,1553549592.8125165,0
WV03_20171128204756_1040010035C91100_17NOV28204756-P1BS-501934390030_01_P007_u08rf3031,1553549592.9411693,1553549762.3556697,0
WV03_20171030212036_1040010035A3EE00_17OCT30212036-P1BS-501934283030_01_P006_u08rf3031,1553549762.5381608,1553549942.0440075,32
WV03_20171218081702_104001003587E800_17DEC18081702-P1BS-501932175090_01_P007_u08rf3031,1553549942.1794384,1553550074.9429553,1
WV03_20171020090025_1040010033BDB000_17OCT20090025-P1BS-501862037020_01_P001_u08rf3031,1553550075.0802112,1553550187.9595964,9
WV03_20171111211302_104001003445DC00_17NOV11211302-P1BS-501917427080_01_P005_u08rf3031,1553550188.072049,1553550343.1012154,46
WV03_20171016125045_1040010034323300_17OCT16125045-P1BS-501989207060_01_P006_u08rf3031,1553550343.2243495,1553550497.522603,0
WV03_20170908012055_1040010031D43000_17SEP08012055-P1BS-501669354050_01_P001_u08rf3031,1553550497.748436,1553550650.591919,0
WV03_20171213131708_1040010036439D00_17DEC13131708-P1BS-501954010060_01_P005_u08rf3031,1553550650.7201114,1553550762.9943457,43
WV03_20171031213735_1040010034C84700_17OCT31213735-P1BS-501920107010_01_P006_u08rf3031,1553550763.1101744,1553550916.1192718,78
WV03_20171022142434_1040010035CB7300_17OCT22142434-P1BS-501862247080_01_P008_u08rf3031,1553550916.2465215,1553551092.5685987,73
WV03_20171121185902_104001003599E300_17NOV21185902-P1BS-501932188080_01_P003_u08rf3031,1553551092.6911082,1553551257.8195786,0
WV03_20171122142841_10400100354FE400_17NOV22142841-P1BS-501932119060_01_P009_u08rf3031,1553551257.9431973,1553551411.6368675,1
WV03_20171121123358_1040010036D53000_17NOV21123358-P1BS-501968324080_01_P001_u08rf3031,1553551411.837635,1553551582.289055,0
WV03_20180106045659_10400100378D4E00_18JAN06045659-P1BS-501954096100_01_P001_u08rf3031,1553551582.416211,1553551732.1741567,137
WV03_20171101054615_1040010035B46800_17NOV01054615-P1BS-501934295040_01_P001_u08rf3031,1553551732.3719983,1553551876.0742695,3
WV03_20171218081655_104001003587E800_17DEC18081655-P1BS-501932175090_01_P002_u08rf3031,1553551876.3425522,1553552006.7239401,2
WV03_20171117031844_1040010034847200_17NOV17031844-P1BS-501920080050_01_P005_u08rf3031,1553552006.8755023,1553552150.0241764,3
WV03_20171011211655_1040010033156200_17OCT11211655-P1BS-501861946030_01_P002_u08rf3031,1553552150.1727288,1553552297.5972426,1
WV03_20180105124753_1040010037CE6800_18JAN05124753-P1BS-501954061030_01_P004_u08rf3031,1553552297.8004723,1553552428.7682607,127
WV03_20171017063650_1040010033284400_17OCT17063650-P1BS-501861946050_01_P001_u08rf3031,1553552428.9361749,1553552568.094576,96
WV03_20171114072448_104001003530B000_17NOV14072448-P1BS-501922399090_01_P003_u08rf3031,1553552568.2457933,1553552708.748999,3
WV03_20170909223955_1040010031921D00_17SEP09223955-P1BS-501669239070_01_P004_u08rf3031,1553552708.9010828,1553552840.2718582,0
WV03_20171223110318_10400100361A9600_17DEC23110318-P1BS-501934416040_01_P001_u08rf3031,1553552840.3920825,1553552960.8255527,243
WV03_20171105130901_104001003357BF00_17NOV05130901-P1BS-501896770040_01_P001_u08rf3031,1553552960.9428632,1553553083.9180868,5
WV03_20170921160429_1040010033034F00_17SEP21160429-P1BS-501946277010_01_P005_u08rf3031,1553553084.0392985,1553553237.083341,6
WV03_20171007201428_104001003354C000_17OCT07201428-P1BS-501862014020_01_P003_u08rf3031,1553553237.2299457,1553553364.5005755,1
WV03_20171120054243_1040010034B98600_17NOV20054243-P1BS-501920102020_01_P004_u08rf3031,1553553364.6208875,1553553510.334323,0
WV03_20171216185642_10400100360FDA00_17DEC16185642-P1BS-501934409080_01_P002_u08rf3031,1553553510.485442,1553553635.3208046,99
WV03_20171216185645_10400100360FDA00_17DEC16185645-P1BS-501934409080_01_P004_u08rf3031,1553553635.4423594,1553553759.4180436,50
WV03_20171129130321_1040010035C14300_17NOV29130321-P1BS-501934303060_01_P013_u08rf3031,1553553759.5340035,1553553806.63971,0
WV03_20171004094645_1040010034BB0C00_17OCT04094645-P1BS-501862237050_01_P002_u08rf3031,1553553806.7158427,1553553928.3771453,1
WV03_20171020135203_1040010033635600_17OCT20135203-P1BS-501862018050_01_P008_u08rf3031,1553553928.5416534,1553554053.3437905,10
WV03_20170903143658_10400100334E5000_17SEP03143658-P1BS-501603159030_01_P010_u08rf3031,1553554053.464132,1553554120.5238948,0
WV03_20170922144259_1040010033327700_17SEP22144259-P1BS-501946286070_01_P010_u08rf3031,1553554120.6601858,1553554194.3529449,4
WV03_20170925103924_1040010033BBDF00_17SEP25103924-P1BS-501946345010_01_P004_u08rf3031,1553554194.452296,1553554328.473313,0
WV03_20171124212205_104001003577B800_17NOV24212205-P1BS-501932164100_01_P004_u08rf3031,1553554328.5931745,1553554457.1416607,11
WV03_20171218081447_10400100360B2900_17DEC18081447-P1BS-501934406010_01_P005_u08rf3031,1553554457.2572029,1553554643.64012,0
WV03_20171210140717_1040010037BFEF00_17DEC10140717-P1BS-501954113050_01_P001_u08rf3031,1553554643.912569,1553554777.8202531,1250
WV03_20171022061714_1040010034AA8200_17OCT22061714-P1BS-501862234090_01_P003_u08rf3031,1553554777.9618552,1553554914.9315042,0
WV03_20171217080125_10400100362B1100_17DEC17080125-P1BS-501953993070_01_P001_u08rf3031,1553554915.0897846,1553555045.8536024,0
WV03_20170613123938_104001002DB9B700_17JUN13123938-P1BS-501461502070_01_P007_u08rf3031,1553555046.0840776,1553555206.5783222,0
WV03_20171110174244_1040010035A13300_17NOV10174244-P1BS-501934281100_01_P001_u08rf3031,1553555206.7095118,1553555333.9921322,89
WV03_20170905231316_1040010030A44500_17SEP05231316-P1BS-501983994050_01_P007_u08rf3031,1553555334.1225784,1553555490.0646975,10
WV03_20171231131510_1040010037D67B00_17DEC31131510-P1BS-501954062040_01_P010_u08rf3031,1553555490.2120426,1553555532.6491492,0
WV03_20171121140425_1040010035CB9200_17NOV21140425-P1BS-501934391080_01_P007_u08rf3031,1553555532.73575,1553555683.9470544,126
WV03_20170925072358_1040010031629500_17SEP25072358-P1BS-501946161030_01_P003_u08rf3031,1553555684.0674603,1553555839.399185,16
WV03_20170923132321_1040010033B98800_17SEP23132321-P1BS-501946344040_01_P007_u08rf3031,1553555839.5774798,1553556010.8264863,0
WV03_20171114072337_1040010034489300_17NOV14072337-P1BS-501917428050_01_P002_u08rf3031,1553556011.021032,1553556123.697946,0
WV03_20170916211452_10400100325F3100_17SEP16211452-P1BS-501986281050_01_P001_u08rf3031,1553556123.844742,1553556285.9234803,0
WV03_20171202102813_10400100352AC100_17DEC02102813-P1BS-501922396080_01_P007_u08rf3031,1553556286.0462306,1553556370.9632978,3
WV03_20170914043305_10400100325EA300_17SEP14043305-P1BS-501946237030_01_P010_u08rf3031,1553556371.0573637,1553556423.299996,3
WV03_20170913153729_10400100328C2700_17SEP13153729-P1BS-501946246050_01_P002_u08rf3031,1553556423.3885658,1553556574.4051454,7
WV03_20170922130307_1040010032560E00_17SEP22130307-P1BS-501946238010_01_P003_u08rf3031,1553556574.5544922,1553556736.4355192,0
WV03_20171119213933_10400100353D7F00_17NOV19213933-P1BS-501922410010_01_P002_u08rf3031,1553556736.5586746,1553556873.6658368,291
WV03_20171023143819_1040010034CFCC00_17OCT23143819-P1BS-501862242010_01_P001_u08rf3031,1553556873.8474338,1553557002.452363,0
WV03_20180105142301_10400100363DAA00_18JAN05142301-P1BS-501954006070_01_P002_u08rf3031,1553557002.574586,1553557134.4194224,117
WV03_20170928193249_1040010032028E00_17SEP28193249-P1BS-501946165100_01_P008_u08rf3031,1553557134.551455,1553557276.5567217,0
WV03_20170913153740_10400100328C2700_17SEP13153740-P1BS-501946246050_01_P009_u08rf3031,1553557276.7057245,1553557420.9522877,0
WV03_20171006003112_1040010034474500_17OCT06003112-P1BS-501862152100_01_P005_u08rf3031,1553557421.0791783,1553557583.5253885,19
WV03_20170912004509_1040010032B12400_17SEP12004509-P1BS-501946253010_01_P006_u08rf3031,1553557583.7535245,1553557703.361212,1
WV03_20171121234637_1040010035681400_17NOV21234637-P1BS-501932137050_01_P002_u08rf3031,1553557703.482057,1553557855.8581448,0
WV03_20171213131711_1040010036439D00_17DEC13131711-P1BS-501954010060_01_P007_u08rf3031,1553557856.0115912,1553557985.1180844,185
WV03_20171107103055_1040010034C12D00_17NOV07103055-P1BS-501920105050_01_P006_u08rf3031,1553557985.2415988,1553558172.6675742,0
WV03_20171231211242_10400100384CBF00_17DEC31211242-P1BS-501954067030_01_P007_u08rf3031,1553558172.79687,1553558262.3398783,11
WV03_20170908155645_1040010033080600_17SEP08155645-P1BS-501603158050_01_P010_u08rf3031,1553558262.4484022,1553558413.9783335,0
WV03_20170901140411_10400100324F2D00_17SEP01140411-P1BS-501603144060_01_P004_u08rf3031,1553558414.1138794,1553558573.5531783,13
WV03_20170921012822_1040010033CF8000_17SEP21012822-P1BS-501946348050_01_P001_u08rf3031,1553558573.7067728,1553558682.8605285,0
WV03_20170930034956_1040010032459400_17SEP30034956-P1BS-501946234070_01_P001_u08rf3031,1553558683.0868661,1553558813.1373656,533
WV03_20170901140407_10400100324F2D00_17SEP01140407-P1BS-501603144060_01_P002_u08rf3031,1553558813.2842977,1553558989.8426306,3
WV03_20171228041519_10400100386FE600_17DEC28041519-P1BS-501954067090_01_P004_u08rf3031,1553558990.05854,1553559148.7642708,177
WV03_20171016030619_10400100322D5500_17OCT16030619-P1BS-501861931060_01_P001_u08rf3031,1553559148.9658449,1553559273.2560658,0
WV03_20170916144615_1040010031CAA800_17SEP16144615-P1BS-501946161010_01_P002_u08rf3031,1553559273.3722627,1553559415.3959477,0
WV03_20170914155254_1040010033BB8600_17SEP14155254-P1BS-501946344100_01_P002_u08rf3031,1553559415.5378296,1553559544.3842475,6
WV03_20171016223244_1040010033A15500_17OCT16223244-P1BS-501862031090_01_P002_u08rf3031,1553559544.5224016,1553559761.103364,61
WV03_20171002024344_1040010033BB5400_17OCT02024344-P1BS-501946343030_01_P002_u08rf3031,1553559761.2376428,1553559896.7262177,141
WV03_20171116044051_104001003530EB00_17NOV16044051-P1BS-501922400010_01_P003_u08rf3031,1553559896.9449108,1553560046.4931014,30
WV03_20171231131358_1040010036245800_17DEC31131358-P1BS-501953989020_01_P006_u08rf3031,1553560046.6491957,1553560218.4231617,7
WV03_20171121140423_1040010035CB9200_17NOV21140423-P1BS-501934391080_01_P006_u08rf3031,1553560218.5599468,1553560340.477214,110
WV03_20171030212033_1040010035A3EE00_17OCT30212033-P1BS-501934283030_01_P004_u08rf3031,1553560340.6198714,1553560474.2300282,18
WV03_20171229042845_1040010035CF1800_17DEC29042845-P1BS-501934395010_01_P002_u08rf3031,1553560474.3615317,1553560622.1861835,589
WV03_20170717230410_104001002F103B00_17JUL17230410-P1BS-501497929030_01_P002_u08rf3031,1553560622.4316695,1553560747.9004025,0
WV03_20171231211223_1040010035D6AE00_17DEC31211223-P1BS-501934398060_01_P006_u08rf3031,1553560748.0153606,1553560884.2433114,39
WV03_20171129130216_10400100356F7400_17NOV29130216-P1BS-501932141100_01_P012_u08rf3031,1553560884.3791056,1553561049.3703253,0
WV03_20171007022430_1040010032995900_17OCT07022430-P1BS-501861935100_01_P004_u08rf3031,1553561049.5467565,1553561202.1472747,2
WV03_20180106031853_10400100378DE800_18JAN06031853-P1BS-501954098030_01_P002_u08rf3031,1553561202.3065467,1553561345.2429276,11
WV03_20170927030257_1040010033243E00_17SEP27030257-P1BS-501946283040_01_P004_u08rf3031,1553561345.3630543,1553561497.3504803,0
WV03_20171010013405_1040010033C72500_17OCT10013405-P1BS-501862132060_01_P003_u08rf3031,1553561497.5456157,1553561681.6253042,85
WV03_20171001134642_104001003319CE00_17OCT01134642-P1BS-501946281020_01_P001_u08rf3031,1553561681.7562668,1553561845.0196311,10
WV03_20171017063554_1040010034422D00_17OCT17063554-P1BS-501862150070_01_P002_u08rf3031,1553561845.139908,1553561970.6971369,9
WV03_20171202071901_10400100363D4C00_17DEC02071901-P1BS-501954005010_01_P005_u08rf3031,1553561970.8546662,1553562135.3553274,1
WV03_20170914043402_1040010033B73100_17SEP14043402-P1BS-501946342010_01_P006_u08rf3031,1553562135.7066028,1553562275.9861965,1
WV03_20171120055220_10400100341A6000_17NOV20055220-P1BS-501896790010_01_P010_u08rf3031,1553562276.1309717,1553562326.7007494,0
WV03_20171005033006_1040010035902700_17OCT05033006-P1BS-501862247020_01_P006_u08rf3031,1553562326.7854877,1553562515.0436122,4
WV03_20171022030355_1040010035184800_17OCT22030355-P1BS-501862244090_01_P001_u08rf3031,1553562515.172911,1553562663.4732995,0
WV03_20170930231427_10400100337DEB00_17SEP30231427-P1BS-501946301050_01_P005_u08rf3031,1553562663.6157036,1553562854.530371,5
WV03_20170917163817_10400100326D0A00_17SEP17163817-P1BS-501946240080_01_P005_u08rf3031,1553562854.7394233,1553563006.2338202,18
WV03_20180109121856_104001003782D300_18JAN09121856-P1BS-501968402070_01_P007_u08rf3031,1553563006.3543274,1553563180.8690968,0
WV03_20171111130842_10400100349ADC00_17NOV11130842-P1BS-501920088050_01_P007_u08rf3031,1553563180.9986577,1553563333.7402675,0
WV03_20171213145425_10400100378C3000_17DEC13145425-P1BS-501954096090_01_P001_u08rf3031,1553563333.866912,1553563460.271787,32
WV03_20171012132303_10400100341DB600_17OCT12132303-P1BS-501862141090_01_P006_u08rf3031,1553563460.629927,1553563613.8698373,16
WV03_20170927142232_10400100332D4B00_17SEP27142232-P1BS-501946285100_01_P007_u08rf3031,1553563614.024437,1553563760.1829097,0
WV03_20170911132505_1040010033D12500_17SEP11132505-P1BS-501603217080_01_P003_u08rf3031,1553563760.3635354,1553563952.6393087,0
WV03_20170901221119_10400100318B7500_17SEP01221119-P1BS-501669238100_01_P001_u08rf3031,1553563952.8070874,1553564117.430403,0
WV03_20171005162849_10400100336CE300_17OCT05162849-P1BS-501862022050_01_P001_u08rf3031,1553564117.6915576,1553564268.8124175,451
WV03_20171023000541_10400100335C5B00_17OCT23000541-P1BS-501862017040_01_P004_u08rf3031,1553564269.0257483,1553564391.1776628,5
WV03_20171214120352_1040010036695200_17DEC14120352-P1BS-501956499100_01_P009_u08rf3031,1553564391.3440902,1553564537.5054379,0
WV03_20171119052704_1040010035263A00_17NOV19052704-P1BS-501922391100_01_P003_u08rf3031,1553564537.6318645,1553564682.5336359,61
WV03_20170912134253_10400100322C0100_17SEP12134253-P1BS-501946228060_01_P004_u08rf3031,1553564682.6697285,1553564809.497953,157
WV03_20171116075941_1040010035C52500_17NOV16075941-P1BS-501934307080_01_P009_u08rf3031,1553564809.6277738,1553564948.1227028,6
WV03_20171228135648_1040010036A0BD00_17DEC28135648-P1BS-501956600060_01_P001_u08rf3031,1553564948.2709415,1553565104.3388765,493
WV03_20170914190652_10400100334C5100_17SEP14190652-P1BS-501946292070_01_P003_u08rf3031,1553565104.4619534,1553565186.7301652,25
WV03_20171106115054_1040010035BCF100_17NOV06115054-P1BS-501934301040_01_P001_u08rf3031,1553565186.851205,1553565330.173609,239
WV03_20170927012449_10400100339DEF00_17SEP27012449-P1BS-501946339030_01_P002_u08rf3031,1553565330.3139114,1553565456.462295,7
WV03_20171004000104_10400100342F8100_17OCT04000104-P1BS-501862146070_01_P001_u08rf3031,1553565456.711977,1553565586.3792832,0
WV03_20171023000550_10400100335C5B00_17OCT23000550-P1BS-501862017040_01_P010_u08rf3031,1553565586.5235229,1553565717.828033,0
WV03_20171228184921_1040010037C9CB00_17DEC28184921-P1BS-501954060060_01_P005_u08rf3031,1553565717.9569538,1553565840.4905713,0
WV03_20171028043619_1040010033B9BE00_17OCT28043619-P1BS-501896779030_01_P005_u08rf3031,1553565840.6054997,1553565989.3343952,7
WV03_20171214200422_104001003671D200_17DEC14200422-P1BS-501956505090_01_P001_u08rf3031,1553565989.5529616,1553566114.148606,323
WV03_20171227151953_1040010036A2F900_17DEC27151953-P1BS-501956602050_01_P007_u08rf3031,1553566114.2880616,1553566241.4656794,0
WV03_20170818231715_1040010032AA7700_17AUG18231715-P1BS-501946250040_01_P001_u08rf3031,1553566241.5881324,1553566368.814339,0
WV03_20171104031041_10400100355B6300_17NOV04031041-P1BS-501932127020_01_P005_u08rf3031,1553566369.0015352,1553566506.0619545,81
WV03_20171001072003_10400100349A1200_17OCT01072003-P1BS-501946356020_01_P001_u08rf3031,1553566506.201364,1553566633.7943454,4
WV03_20170901010833_104001003036A900_17SEP01010833-P1BS-501667658040_01_P004_u08rf3031,1553566633.9402602,1553566779.3733215,13
WV03_20171008220807_1040010034427600_17OCT08220807-P1BS-501862150050_01_P009_u08rf3031,1553566779.5679939,1553566920.1455753,29
WV03_20180110221010_10400100371B6700_18JAN10221010-P1BS-501968375020_01_P011_u08rf3031,1553566920.2935052,1553566964.2976453,41
WV03_20171002154135_10400100335CCB00_17OCT02154135-P1BS-501946295060_01_P004_u08rf3031,1553566964.4107952,1553567167.0242176,0
WV03_20171204110548_104001003675FA00_17DEC04110548-P1BS-501956507020_01_P005_u08rf3031,1553567167.1540523,1553567344.1987832,0
WV03_20171128025501_1040010036469400_17NOV28025501-P1BS-501954012010_01_P002_u08rf3031,1553567344.3501453,1553567459.1367493,345
WV03_20171214085033_1040010035461300_17DEC14085033-P1BS-501922415070_01_P007_u08rf3031,1553567459.4542587,1553567595.6712284,3
WV03_20170909080521_1040010032BFA300_17SEP09080521-P1BS-501603156020_01_P002_u08rf3031,1553567595.7906494,1553567743.097402,0
WV03_20171203072848_1040010037B70E00_17DEC03072848-P1BS-501954110030_01_P012_u08rf3031,1553567743.2232554,1553567791.9609911,0
WV03_20171113070835_10400100331E6A00_17NOV13070835-P1BS-501896680020_01_P007_u08rf3031,1553567792.039905,1553567953.1958354,99
WV03_20171123143401_1040010034307A00_17NOV23143401-P1BS-501896798100_01_P007_u08rf3031,1553567953.3380048,1553568063.4313655,12
WV03_20171225114146_1040010037D15800_17DEC25114146-P1BS-501954061100_01_P007_u08rf3031,1553568063.5512264,1553568202.3958058,3
WV03_20171006003105_1040010034474500_17OCT06003105-P1BS-501862152100_01_P001_u08rf3031,1553568202.5307472,1553568361.7653866,1
WV03_20171231000926_1040010036148400_17DEC31000926-P1BS-501934411100_01_P001_u08rf3031,1553568361.9475434,1553568522.0395606,0
WV03_20170915125011_10400100325C3700_17SEP15125011-P1BS-501946236090_01_P003_u08rf3031,1553568522.2866426,1553568737.443903,30
WV03_20171126053814_10400100358E6100_17NOV26053814-P1BS-501932179090_01_P005_u08rf3031,1553568737.6064615,1553568777.2913053,0
WV03_20171224161030_1040010036169400_17DEC24161030-P1BS-501934413100_01_P009_u08rf3031,1553568777.375414,1553568903.3474646,0
WV03_20171121024406_104001003528B600_17NOV21024406-P1BS-501922393090_01_P001_u08rf3031,1553568903.4908245,1553569019.6475718,257
WV03_20171211173902_10400100355EFB00_17DEC11173902-P1BS-501932130020_01_P007_u08rf3031,1553569019.8249013,1553569158.576113,0
WV03_20171225180255_104001003746C300_17DEC25180255-P1BS-501968387070_01_P003_u08rf3031,1553569158.7079282,1553569339.6033063,3
WV03_20170919104253_1040010033D1ED00_17SEP19104253-P1BS-501946348080_01_P006_u08rf3031,1553569339.7266235,1553569487.3618143,0
WV03_20171008220618_1040010033948000_17OCT08220618-P1BS-501862029010_01_P005_u08rf3031,1553569487.5085335,1553569639.5200546,0
WV03_20171007183809_1040010033051A00_17OCT07183809-P1BS-501861939020_01_P005_u08rf3031,1553569639.6642666,1553569823.2779727,0
WV03_20170910082059_1040010032255E00_17SEP10082059-P1BS-501603138100_01_P005_u08rf3031,1553569823.4107323,1553570023.4813385,0
WV03_20171002024343_1040010033BB5400_17OCT02024343-P1BS-501946343030_01_P001_u08rf3031,1553570023.666885,1553570147.586155,246
WV03_20171008220614_1040010033948000_17OCT08220614-P1BS-501862029010_01_P002_u08rf3031,1553570147.7857747,1553570284.397624,5
WV03_20171023000549_10400100335C5B00_17OCT23000549-P1BS-501862017040_01_P009_u08rf3031,1553570284.5119894,1553570416.3502443,0
WV03_20170928063242_1040010033817400_17SEP28063242-P1BS-501946332010_01_P001_u08rf3031,1553570416.4934404,1553570549.9132378,0
WV03_20171021140709_1040010034B84E00_17OCT21140709-P1BS-501862236050_01_P001_u08rf3031,1553570550.0288198,1553570688.3029258,3
WV03_20170922144147_1040010033AFD100_17SEP22144147-P1BS-501946342070_01_P005_u08rf3031,1553570688.4257998,1553570828.3034186,0
WV03_20171020233455_10400100342CFB00_17OCT20233455-P1BS-501862146040_01_P008_u08rf3031,1553570828.4612274,1553570955.0788784,13
WV03_20170923212626_104001003270D000_17SEP23212626-P1BS-501987108070_01_P003_u08rf3031,1553570955.1983204,1553571108.935082,0
WV03_20171211012631_1040010035894E00_17DEC11012631-P1BS-501932178040_01_P001_u08rf3031,1553571109.2093923,1553571231.620501,342
WV03_20170921174048_1040010032D5E400_17SEP21174048-P1BS-501946276060_01_P003_u08rf3031,1553571231.860738,1553571351.356263,0
WV03_20170905052515_1040010031031900_17SEP05052515-P1BS-501667686010_01_P002_u08rf3031,1553571351.581855,1553571498.4389608,4
WV03_20170923002406_1040010032C21500_17SEP23002406-P1BS-501946273010_01_P001_u08rf3031,1553571498.5820122,1553571654.5105667,63
WV03_20170927012608_1040010032B64500_17SEP27012608-P1BS-501946253100_01_P003_u08rf3031,1553571654.633822,1553571833.9275663,0
WV03_20171016174514_104001003434BF00_17OCT16174514-P1BS-501989207080_01_P003_u08rf3031,1553571834.0553935,1553571989.6724963,0
WV03_20171012195515_1040010033D1A300_17OCT12195515-P1BS-501862135010_01_P008_u08rf3031,1553571989.9041915,1553572189.2031097,0
WV03_20171119133413_1040010034283300_17NOV19133413-P1BS-501896796020_01_P001_u08rf3031,1553572189.6565819,1553572360.9638243,0
WV03_20170830231750_104001003206E800_17AUG30231750-P1BS-501669353060_01_P004_u08rf3031,1553572361.0837336,1553572527.7611625,0
WV03_20170906085523_10400100326F4F00_17SEP06085523-P1BS-501603147080_01_P003_u08rf3031,1553572527.8849485,1553572715.6300912,0
WV03_20180107051245_10400100371ABB00_18JAN07051245-P1BS-501968375010_01_P002_u08rf3031,1553572715.8090053,1553572858.1580703,110
WV03_20171107103147_1040010035625600_17NOV07103147-P1BS-501932129010_01_P003_u08rf3031,1553572858.3345258,1553572995.704821,0
WV03_20180103184735_10400100376B8600_18JAN03184735-P1BS-501968396060_01_P005_u08rf3031,1553572995.832938,1553573081.863689,7
WV03_20171216141353_10400100365AB800_17DEC16141353-P1BS-501956492010_01_P003_u08rf3031,1553573081.9757154,1553573241.6372976,0
WV03_20170908222444_104001003229DC00_17SEP08222444-P1BS-501603140050_01_P002_u08rf3031,1553573241.7967596,1553573372.9806514,0
WV03_20171104142957_1040010034C07000_17NOV04142957-P1BS-501920103100_01_P005_u08rf3031,1553573373.121711,1553573522.7624831,9
WV03_20171025021348_104001003420ED00_17OCT25021348-P1BS-501896792030_01_P002_u08rf3031,1553573522.9134223,1553573647.1719415,1
WV03_20171218081356_10400100361F7600_17DEC18081356-P1BS-501953986020_01_P005_u08rf3031,1553573647.2791085,1553573815.855882,0
WV03_20171216185727_1040010035993400_17DEC16185727-P1BS-501932187030_01_P003_u08rf3031,1553573815.984323,1553573967.9589565,25
WV03_20171111050139_10400100340D2900_17NOV11050139-P1BS-501896786020_01_P009_u08rf3031,1553573968.0933902,1553574145.4419172,4
WV03_20171214120453_10400100362FA700_17DEC14120453-P1BS-501953997050_01_P007_u08rf3031,1553574145.6125128,1553574275.9256716,0
WV03_20170923132221_10400100332F7C00_17SEP23132221-P1BS-501946285020_01_P007_u08rf3031,1553574276.0521646,1553574428.5470226,0
WV03_20171116125432_1040010035704D00_17NOV16125432-P1BS-501932140100_01_P006_u08rf3031,1553574428.7038264,1553574561.5110865,0
WV03_20171020090202_1040010034500B00_17OCT20090202-P1BS-501862153090_01_P011_u08rf3031,1553574561.6545067,1553574656.1025882,9
WV03_20170921012916_1040010032977200_17SEP21012916-P1BS-501946248010_01_P003_u08rf3031,1553574656.2108226,1553574822.5340025,5
WV03_20170912134300_10400100322C0100_17SEP12134300-P1BS-501946228060_01_P009_u08rf3031,1553574822.7285898,1553574930.5158648,24
WV03_20170911150631_1040010032BC1100_17SEP11150631-P1BS-501603154060_01_P004_u08rf3031,1553574930.6563973,1553575055.0233874,18
WV03_20171110192335_1040010034AD8400_17NOV10192335-P1BS-501920096010_01_P002_u08rf3031,1553575055.1544678,1553575176.575087,0
WV03_20171222041803_1040010036582300_17DEC22041803-P1BS-501954093090_01_P001_u08rf3031,1553575176.685349,1553575293.8536851,0
WV03_20171216221051_1040010036916100_17DEC16221051-P1BS-501956592050_01_P008_u08rf3031,1553575293.9622393,1553575458.7807906,1
WV03_20170902043938_1040010031B30C00_17SEP02043938-P1BS-501669246070_01_P003_u08rf3031,1553575458.903143,1553575616.8494596,2
WV03_20170901221121_10400100318B7500_17SEP01221121-P1BS-501669238100_01_P002_u08rf3031,1553575616.9587545,1553575752.4384038,6
WV03_20171213131835_1040010036446A00_17DEC13131835-P1BS-501954009020_01_P006_u08rf3031,1553575752.550379,1553575911.6619132,114
WV03_20171129223634_10400100366E5900_17NOV29223634-P1BS-501956502100_01_P001_u08rf3031,1553575911.7826207,1553576065.0342517,75
WV03_20170912134231_10400100321A5500_17SEP12134231-P1BS-501946225030_01_P003_u08rf3031,1553576065.136032,1553576228.382325,0
WV03_20170828094916_10400100315F5700_17AUG28094916-P1BS-501669232080_01_P005_u08rf3031,1553576228.494284,1553576378.7345963,0
WV03_20170831023007_1040010032530900_17AUG31023007-P1BS-501603145030_01_P004_u08rf3031,1553576378.8477905,1553576553.3267982,0
WV03_20171106051912_1040010035A1A800_17NOV06051912-P1BS-501934282040_01_P003_u08rf3031,1553576553.4425774,1553576694.1894643,60
WV03_20171119133415_1040010034283300_17NOV19133415-P1BS-501896796020_01_P002_u08rf3031,1553576694.314253,1553576836.2820253,1
WV03_20170901221015_104001003294D200_17SEP01221015-P1BS-501603231040_01_P002_u08rf3031,1553576836.3944116,1553576967.880992,2
WV03_20171130163032_1040010035D7FC00_17NOV30163032-P1BS-501934394100_01_P008_u08rf3031,1553576967.9961264,1553577108.8504295,0
WV03_20171218130539_1040010037BE1B00_17DEC18130539-P1BS-501954113020_01_P001_u08rf3031,1553577108.9644208,1553577232.916841,0
WV03_20171229042857_1040010035CF1800_17DEC29042857-P1BS-501934395010_01_P009_u08rf3031,1553577233.0337858,1553577372.705844,0
WV03_20171119151201_1040010035C3FB00_17NOV19151201-P1BS-501934305010_01_P003_u08rf3031,1553577372.826587,1553577518.205939,0
WV03_20170901024628_1040010031CEB200_17SEP01024628-P1BS-501669353100_01_P002_u08rf3031,1553577518.317511,1553577650.890061,19
WV03_20171031213613_104001003314DF00_17OCT31213613-P1BS-501896679010_01_P005_u08rf3031,1553577651.0001192,1553577760.5511117,89
WV03_20171029045258_10400100357B0A00_17OCT29045258-P1BS-501932167010_01_P002_u08rf3031,1553577760.646453,1553577916.179034,0
WV03_20171104031138_104001003536FD00_17NOV04031138-P1BS-501922404010_01_P003_u08rf3031,1553577916.2948961,1553578064.3411276,241
WV03_20171022030247_10400100335A2600_17OCT22030247-P1BS-501862017090_01_P001_u08rf3031,1553578064.466905,1553578199.6994228,1
WV03_20180102214308_1040010037868300_18JAN02214308-P1BS-501968403100_01_P004_u08rf3031,1553578199.8247871,1553578355.9953218,9
WV03_20171119213859_1040010034744500_17NOV19213859-P1BS-501917443090_01_P003_u08rf3031,1553578356.1130228,1553578494.6747031,20
WV03_20170902222553_10400100310E2400_17SEP02222553-P1BS-501984206030_01_P001_u08rf3031,1553578494.7849383,1553578628.450725,1
WV03_20170824133745_104001003197AA00_17AUG24133745-P1BS-501984229030_01_P003_u08rf3031,1553578628.5549245,1553578774.878756,0
WV03_20171214085131_1040010035AF0500_17DEC14085131-P1BS-501934290060_01_P002_u08rf3031,1553578775.0036397,1553578907.1400979,6
WV03_20171030212043_1040010035A3EE00_17OCT30212043-P1BS-501934283030_01_P011_u08rf3031,1553578907.253048,1553578972.0287461,41
WV03_20171120121335_1040010034536B00_17NOV20121335-P1BS-501917431020_01_P001_u08rf3031,1553578972.1130538,1553579147.9491243,0
WV03_20170902222546_10400100310D2700_17SEP02222546-P1BS-501667685050_01_P008_u08rf3031,1553579148.0703716,1553579245.404032,1
WV03_20171108072908_1040010034A33700_17NOV08072908-P1BS-501920091100_01_P001_u08rf3031,1553579245.512244,1553579372.9598138,2
WV03_20171203104754_10400100358A8A00_17DEC03104754-P1BS-501932177040_01_P007_u08rf3031,1553579373.0659041,1553579512.8924992,2
WV03_20170905101805_10400100323D5600_17SEP05101805-P1BS-501603143070_01_P005_u08rf3031,1553579513.0081685,1553579636.262745,0
WV03_20171020233345_10400100334E6100_17OCT20233345-P1BS-501862013070_01_P006_u08rf3031,1553579636.3684337,1553579783.306134,15
WV03_20171105113447_1040010034789C00_17NOV05113447-P1BS-501917446040_01_P001_u08rf3031,1553579783.4323497,1553579912.4810796,557
WV03_20171001040447_1040010033166B00_17OCT01040447-P1BS-501946280060_01_P005_u08rf3031,1553579912.5904024,1553580098.349441,0
WV03_20171002104944_1040010034692700_17OCT02104944-P1BS-501946353060_01_P003_u08rf3031,1553580098.4610634,1553580137.700359,10
WV03_20170904082353_10400100334F9600_17SEP04082353-P1BS-501603159050_01_P003_u08rf3031,1553580137.7765687,1553580293.2040098,0
WV03_20180106031854_10400100378DE800_18JAN06031854-P1BS-501954098030_01_P003_u08rf3031,1553580293.3056471,1553580443.3398721,15
WV03_20170911150528_1040010031A12600_17SEP11150528-P1BS-501669243080_01_P005_u08rf3031,1553580443.450003,1553580619.1919866,60
WV03_20171215135725_104001003601D800_17DEC15135725-P1BS-501934400020_01_P004_u08rf3031,1553580619.306458,1553580778.4077744,82
WV03_20171219083240_1040010035780300_17DEC19083240-P1BS-501932165070_01_P010_u08rf3031,1553580778.5224826,1553580901.6097076,1
WV03_20171012132416_10400100331ADE00_17OCT12132416-P1BS-501861945010_01_P008_u08rf3031,1553580901.7254608,1553581016.757409,73
WV03_20170907220841_1040010030B0A500_17SEP07220841-P1BS-501667677050_01_P002_u08rf3031,1553581016.8813858,1553581158.5421433,3
WV03_20170927191644_104001003230B900_17SEP27191644-P1BS-501946229020_01_P003_u08rf3031,1553581158.6550093,1553581289.3425343,0
WV03_20170925090034_1040010032B45600_17SEP25090034-P1BS-501946252050_01_P004_u08rf3031,1553581289.4502115,1553581461.5008419,0
WV03_20171022174210_1040010035255500_17OCT22174210-P1BS-501922391020_01_P010_u08rf3031,1553581461.6203098,1553581512.5276492,0
WV03_20171215135722_104001003601D800_17DEC15135722-P1BS-501934400020_01_P002_u08rf3031,1553581512.6151972,1553581676.0714753,0
WV03_20171120055114_1040010035AAA000_17NOV20055114-P1BS-501934286100_01_P010_u08rf3031,1553581676.1878982,1553581728.6601107,0
WV03_20170916014810_104001003297CB00_17SEP16014810-P1BS-501946249030_01_P004_u08rf3031,1553581728.7371354,1553581854.463553,3
WV03_20171012164536_1040010034928600_17OCT12164536-P1BS-501989212070_01_P004_u08rf3031,1553581854.5805645,1553581952.780716,0
WV03_20170710131356_104001002F525400_17JUL10131356-P1BS-501992562040_01_P001_u08rf3031,1553581952.9972153,1553582077.532139,0
WV03_20171013165548_10400100332AD800_17OCT13165548-P1BS-501861946070_01_P002_u08rf3031,1553582077.6605425,1553582237.8348002,0
WV03_20171205062134_1040010036051400_17DEC05062134-P1BS-501934402080_01_P008_u08rf3031,1553582238.030641,1553582371.832395,16
WV03_20171107183427_1040010034466600_17NOV07183427-P1BS-501917427100_01_P002_u08rf3031,1553582371.970605,1553582521.315305,0
WV03_20171205205943_10400100368C9900_17DEC05205943-P1BS-501956587030_01_P010_u08rf3031,1553582521.584936,1553582589.0511906,1
WV03_20171125034651_1040010036BCD400_17NOV25034651-P1BS-501968308060_01_P003_u08rf3031,1553582589.1705935,1553582732.7139318,9
WV03_20170920123558_1040010034C31B00_17SEP20123558-P1BS-501946357040_01_P006_u08rf3031,1553582732.8461573,1553582876.9493625,12
WV03_20171219065207_1040010036A3A500_17DEC19065207-P1BS-501956602100_01_P006_u08rf3031,1553582877.1248343,1553583002.5992112,0
WV03_20171012132254_10400100341DB600_17OCT12132254-P1BS-501862141090_01_P001_u08rf3031,1553583002.726724,1553583159.608442,16
WV03_20170923132116_104001003384DE00_17SEP23132116-P1BS-501946333100_01_P002_u08rf3031,1553583159.7789736,1553583284.3643072,0
WV03_20171031200051_1040010035B51F00_17OCT31200051-P1BS-501934294020_01_P003_u08rf3031,1553583284.4871964,1553583413.0098403,0
WV03_20171120103545_1040010033B37500_17NOV20103545-P1BS-501896778030_01_P007_u08rf3031,1553583413.1590712,1553583544.442455,0
WV03_20170824133804_104001003197AA00_17AUG24133804-P1BS-501984229030_01_P014_u08rf3031,1553583544.6780174,1553583667.5379324,1
WV03_20171219211954_10400100366CF000_17DEC19211954-P1BS-501956502040_01_P001_u08rf3031,1553583667.649631,1553583804.368802,7
WV03_20171010044814_10400100346F2000_17OCT10044814-P1BS-501862222020_01_P009_u08rf3031,1553583804.5087512,1553583960.3030992,54
WV03_20171212113349_10400100362F7B00_17DEC12113349-P1BS-501953997040_01_P001_u08rf3031,1553583960.6125734,1553584111.001341,0
WV03_20171008220804_1040010034427600_17OCT08220804-P1BS-501862150050_01_P007_u08rf3031,1553584111.1885126,1553584248.30279,1
WV03_20180109122002_104001003613E600_18JAN09122002-P1BS-501934411070_01_P007_u08rf3031,1553584248.5165014,1553584380.3971505,0
WV03_20171201065617_10400100357A0600_17DEC01065617-P1BS-501932166060_01_P001_u08rf3031,1553584380.6909375,1553584490.9480178,0
WV03_20171129210229_1040010036CBBC00_17NOV29210229-P1BS-501968319010_01_P007_u08rf3031,1553584491.1994925,1553584643.3250961,1
WV03_20170912134154_1040010031CB9800_17SEP12134154-P1BS-501946164070_01_P005_u08rf3031,1553584643.6767025,1553584806.1539028,75
WV03_20171031213730_1040010034C84700_17OCT31213730-P1BS-501920107010_01_P003_u08rf3031,1553584806.453557,1553584945.4547734,2
WV03_20171214182501_1040010035199900_17DEC14182501-P1BS-501920259090_01_P001_u08rf3031,1553584945.5674748,1553585063.976931,1
WV03_20171010013310_10400100330DD700_17OCT10013310-P1BS-501861942010_01_P001_u08rf3031,1553585064.1865144,1553585223.0205953,21
WV03_20171218000155_1040010035591400_17DEC18000155-P1BS-501932125100_01_P002_u08rf3031,1553585223.1519752,1553585378.099299,108
WV03_20171205174357_1040010036C02C00_17DEC05174357-P1BS-501968312050_01_P003_u08rf3031,1553585378.2439213,1553585567.601001,17
WV03_20170927012541_1040010032335400_17SEP27012541-P1BS-501946230050_01_P002_u08rf3031,1553585567.7216115,1553585748.1410732,7
WV03_20170925090028_1040010032B45600_17SEP25090028-P1BS-501946252050_01_P001_u08rf3031,1553585748.2963011,1553585898.8624036,0
WV03_20171101054530_10400100364BCD00_17NOV01054530-P1BS-501954085020_01_P008_u08rf3031,1553585899.0435321,1553586030.405646,0
WV03_20170914155252_1040010033BB8600_17SEP14155252-P1BS-501946344100_01_P001_u08rf3031,1553586030.597972,1553586149.168236,15
WV03_20180106031859_10400100378DE800_18JAN06031859-P1BS-501954098030_01_P006_u08rf3031,1553586149.2993157,1553586280.236055,66
WV03_20171120103539_1040010033B37500_17NOV20103539-P1BS-501896778030_01_P003_u08rf3031,1553586280.4957094,1553586411.8432636,0
WV03_20171007183804_1040010033051A00_17OCT07183804-P1BS-501861939020_01_P002_u08rf3031,1553586411.9815369,1553586552.2154915,0
WV03_20170927173706_1040010032867700_17SEP27173706-P1BS-501946246010_01_P005_u08rf3031,1553586552.5019727,1553586663.0098197,1
WV03_20170912004600_1040010032BA9C00_17SEP12004600-P1BS-501946254030_01_P003_u08rf3031,1553586663.1525414,1553586821.5001526,0
WV03_20171024051124_10400100331D3500_17OCT24051124-P1BS-501896678040_01_P001_u08rf3031,1553586821.6503167,1553586947.5254436,1
WV03_20171005211954_104001003389D500_17OCT05211954-P1BS-501862026020_01_P001_u08rf3031,1553586947.6562421,1553587041.487583,0
WV03_20170907041913_10400100325D0E00_17SEP07041913-P1BS-501603145100_01_P002_u08rf3031,1553587041.5871668,1553587169.5493746,8
WV03_20171230044602_1040010036D44200_17DEC30044602-P1BS-501968325080_01_P003_u08rf3031,1553587169.6737237,1553587368.8565848,68
WV03_20171022142337_1040010034951E00_17OCT22142337-P1BS-501862228090_01_P009_u08rf3031,1553587368.99812,1553587527.847031,3
WV03_20171231063639_104001003679A200_17DEC31063639-P1BS-501956512080_01_P003_u08rf3031,1553587527.9887118,1553587655.0064688,32
WV03_20171115025712_1040010034031900_17NOV15025712-P1BS-501896783010_01_P002_u08rf3031,1553587655.1513014,1553587768.9562824,0
WV03_20171121185753_1040010034795600_17NOV21185753-P1BS-501917446070_01_P003_u08rf3031,1553587769.0910625,1553587924.4949424,3
WV03_20170930035004_1040010032459400_17SEP30035004-P1BS-501946234070_01_P006_u08rf3031,1553587924.6437411,1553588046.5790803,511
WV03_20171217080138_10400100362B1100_17DEC17080138-P1BS-501953993070_01_P010_u08rf3031,1553588046.7168372,1553588085.4102492,0
WV03_20171207114057_10400100360DC300_17DEC07114057-P1BS-501934408030_01_P006_u08rf3031,1553588085.4816291,1553588211.1351464,0
WV03_20171005082221_1040010033409A00_17OCT05082221-P1BS-501862011060_01_P006_u08rf3031,1553588211.3239222,1553588360.7317524,0
WV03_20171012132259_10400100341DB600_17OCT12132259-P1BS-501862141090_01_P004_u08rf3031,1553588360.8745704,1553588531.6773129,103
WV03_20171012213105_10400100347FF900_17OCT12213105-P1BS-501862226080_01_P002_u08rf3031,1553588531.8019009,1553588714.8294873,4
WV03_20170904082527_1040010032941400_17SEP04082527-P1BS-501603151080_01_P002_u08rf3031,1553588714.9715006,1553588908.976024,29
WV03_20170905083927_1040010033990D00_17SEP05083927-P1BS-501603216030_01_P004_u08rf3031,1553588909.1128283,1553588961.0862517,0
WV03_20171224045757_1040010038052E00_17DEC24045757-P1BS-501954066030_01_P004_u08rf3031,1553588961.1987004,1553589125.1183598,0
WV03_20170909080629_104001003228C300_17SEP09080629-P1BS-501603140030_01_P002_u08rf3031,1553589125.2747667,1553589259.794164,1
WV03_20170613124032_104001002D9DA600_17JUN13124032-P1BS-501461471070_01_P006_u08rf3031,1553589259.937999,1553589399.9284723,0
WV03_20170921012828_1040010033CF8000_17SEP21012828-P1BS-501946348050_01_P005_u08rf3031,1553589400.0761843,1553589546.5674474,0
WV03_20170921205606_10400100331EEA00_17SEP21205606-P1BS-501946282080_01_P001_u08rf3031,1553589546.6943085,1553589664.4894006,0
WV03_20171118033503_1040010035802000_17NOV18033503-P1BS-501932170050_01_P008_u08rf3031,1553589664.6189244,1553589818.5054364,0
WV03_20171114054555_10400100354C4D00_17NOV14054555-P1BS-501932116080_01_P004_u08rf3031,1553589818.6745808,1553589973.6384768,27
WV03_20171110124929_1040010035122000_17NOV10124929-P1BS-501920254020_01_P001_u08rf3031,1553589973.7792497,1553590087.7700284,0
WV03_20180106130206_1040010037AEBB00_18JAN06130206-P1BS-501954108020_01_P005_u08rf3031,1553590087.8771837,1553590247.0129514,0
WV03_20171020233350_10400100334E6100_17OCT20233350-P1BS-501862013070_01_P009_u08rf3031,1553590247.231739,1553590393.2087557,0
WV03_20171023143924_1040010034B64D00_17OCT23143924-P1BS-501862236020_01_P007_u08rf3031,1553590393.4474142,1553590561.0244424,6
WV03_20171021140639_104001003568EC00_17OCT21140639-P1BS-501862248040_01_P006_u08rf3031,1553590561.1394732,1553590722.136948,0
WV03_20180107051147_1040010036B4AD00_18JAN07051147-P1BS-501956614050_01_P001_u08rf3031,1553590722.27934,1553590873.4254887,13
WV03_20171004094538_104001003466BE00_17OCT04094538-P1BS-501862157100_01_P004_u08rf3031,1553590873.5773919,1553591024.2097979,8
WV03_20171120103830_1040010032AD0200_17NOV20103830-P1BS-501896675030_01_P010_u08rf3031,1553591024.4549484,1553591081.85531,0
WV03_20170915143016_1040010032975100_17SEP15143016-P1BS-501946247090_01_P004_u08rf3031,1553591081.9452198,1553591264.6108184,0
WV03_20170927142339_1040010032270C00_17SEP27142339-P1BS-501946227080_01_P007_u08rf3031,1553591264.7672393,1553591389.9030573,0
WV03_20170914092347_1040010033D16500_17SEP14092347-P1BS-501946348030_01_P007_u08rf3031,1553591390.1376815,1553591536.724396,0
WV03_20180106031944_10400100373A0E00_18JAN06031944-P1BS-501968384080_01_P001_u08rf3031,1553591536.8538709,1553591658.6819992,36
WV03_20170722130651_104001003154C300_17JUL22130651-P1BS-501603219100_01_P002_u08rf3031,1553591658.8231537,1553591811.9014812,4
WV03_20171001232930_1040010033295700_17OCT01232930-P1BS-501946282060_01_P008_u08rf3031,1553591812.1044765,1553591972.0360575,63
WV03_20170926190102_1040010033810E00_17SEP26190102-P1BS-501989195060_01_P009_u08rf3031,1553591972.170468,1553592139.5822666,0
WV03_20170926024726_104001003368DB00_17SEP26024726-P1BS-501946299050_01_P001_u08rf3031,1553592139.7388942,1553592268.3569582,0
WV03_20170927173757_1040010034424900_17SEP27173757-P1BS-501946353020_01_P002_u08rf3031,1553592268.4925778,1553592437.0013785,3
WV03_20170824133752_104001003197AA00_17AUG24133752-P1BS-501984229030_01_P007_u08rf3031,1553592437.2519407,1553592615.692507,18
WV03_20180105124655_1040010037C32200_18JAN05124655-P1BS-501954114090_01_P005_u08rf3031,1553592616.0228086,1553592803.5856404,67
WV03_20171024002112_10400100339D8F00_17OCT24002112-P1BS-501896776090_01_P002_u08rf3031,1553592804.0825481,1553592953.9409893,24
WV03_20171225001358_104001003780E700_17DEC25001358-P1BS-501968402010_01_P011_u08rf3031,1553592954.0549846,1553593106.9042215,269
WV03_20171205062220_1040010037899400_17DEC05062220-P1BS-501954095070_01_P003_u08rf3031,1553593107.1532493,1553593274.0619454,155
WV03_20171104062456_1040010033AF3000_17NOV04062456-P1BS-501896778090_01_P007_u08rf3031,1553593274.2427077,1553593416.9139624,58
WV03_20170901140335_10400100336BBC00_17SEP01140335-P1BS-501603159090_01_P006_u08rf3031,1553593417.0488074,1553593510.6129577,2
WV03_20170908092648_1040010032261400_17SEP08092648-P1BS-501603139100_01_P008_u08rf3031,1553593510.7405987,1553593663.0233476,0
WV03_20171206063744_1040010036185400_17DEC06063744-P1BS-501934415030_01_P008_u08rf3031,1553593663.183995,1553593773.952731,437
WV03_20171221121533_104001003650D400_17DEC21121533-P1BS-501954089100_01_P010_u08rf3031,1553593774.0617414,1553593828.17845,6
WV03_20171004094646_1040010034BB0C00_17OCT04094646-P1BS-501862237050_01_P003_u08rf3031,1553593828.2585356,1553593999.4874785,4
WV03_20170904050948_1040010031310200_17SEP04050948-P1BS-501669223080_01_P002_u08rf3031,1553593999.5932505,1553594159.310631,0
WV03_20171231211325_1040010035D4FE00_17DEC31211325-P1BS-501934397080_01_P004_u08rf3031,1553594159.4478767,1553594306.9442194,7
WV03_20170916014921_1040010033917D00_17SEP16014921-P1BS-501946336010_01_P005_u08rf3031,1553594307.1765046,1553594435.0566182,2
WV03_20171007022314_104001003375CF00_17OCT07022314-P1BS-501862023050_01_P002_u08rf3031,1553594435.1945019,1553594543.2385402,4
WV03_20170924231745_1040010032A0BC00_17SEP24231745-P1BS-501946249060_01_P006_u08rf3031,1553594543.363653,1553594690.9719746,0
WV03_20171104031036_10400100355B6300_17NOV04031036-P1BS-501932127020_01_P002_u08rf3031,1553594691.1096761,1553594825.8122177,91
WV03_20170913171358_1040010032983500_17SEP13171358-P1BS-501946249040_01_P009_u08rf3031,1553594825.94778,1553594955.1870258,3
WV03_20171020135205_1040010033635600_17OCT20135205-P1BS-501862018050_01_P010_u08rf3031,1553594955.3187745,1553595011.978012,0
WV03_20171023000438_10400100321C5900_17OCT23000438-P1BS-501861930050_01_P006_u08rf3031,1553595012.071302,1553595175.7669532,0
WV03_20170930182638_1040010032D08D00_17SEP30182638-P1BS-501987125060_01_P004_u08rf3031,1553595175.9654024,1553595321.9682462,0
WV03_20171217141950_1040010037587B00_17DEC17141950-P1BS-501968392040_01_P006_u08rf3031,1553595322.1063085,1553595450.5862288,967
WV03_20171116222834_10400100343C8B00_17NOV16222834-P1BS-501917423040_01_P001_u08rf3031,1553595450.7305062,1553595570.7652855,15
WV03_20171006003114_1040010034474500_17OCT06003114-P1BS-501862152100_01_P006_u08rf3031,1553595570.8927069,1553595788.409789,5
WV03_20171213100623_10400100364CB100_17DEC13100623-P1BS-501954086040_01_P001_u08rf3031,1553595788.550478,1553595896.4902523,0
WV03_20170912165827_1040010032781200_17SEP12165827-P1BS-501946242040_01_P007_u08rf3031,1553595896.626103,1553596028.9900992,0
WV03_20171205174248_1040010036B9AE00_17DEC05174248-P1BS-501968306020_01_P002_u08rf3031,1553596029.126331,1553596158.4599051,95
WV03_20171111211309_104001003445DC00_17NOV11211309-P1BS-501917427080_01_P009_u08rf3031,1553596158.662377,1553596297.924948,112
WV03_20171121140417_1040010035CB9200_17NOV21140417-P1BS-501934391080_01_P002_u08rf3031,1553596298.0677533,1553596418.221042,221
WV03_20171203202917_10400100360B2000_17DEC03202917-P1BS-501934404100_01_P001_u08rf3031,1553596418.3610203,1553596559.3146408,2
WV03_20171121185722_1040010035336A00_17NOV21185722-P1BS-501922401020_01_P001_u08rf3031,1553596559.4402533,1553596676.9988642,148
WV03_20170829051428_10400100311EC100_17AUG29051428-P1BS-501669221100_01_P005_u08rf3031,1553596677.1269648,1553596805.6376824,0
WV03_20171004161214_10400100343BC100_17OCT04161214-P1BS-501862149020_01_P001_u08rf3031,1553596805.7704904,1553596931.8111303,1
WV03_20180109041355_1040010037D5E000_18JAN09041355-P1BS-501954062030_01_P007_u08rf3031,1553596932.046798,1553597078.3906157,0
WV03_20170923132007_1040010032CF9F00_17SEP23132007-P1BS-501946276020_01_P006_u08rf3031,1553597078.531728,1553597246.6133149,0
WV03_20171016030708_1040010033B11900_17OCT16030708-P1BS-501862035010_01_P001_u08rf3031,1553597246.739217,1553597382.9582753,0
WV03_20171129063527_1040010035929100_17NOV29063527-P1BS-501932182060_01_P007_u08rf3031,1553597383.076591,1553597514.2488396,0
WV03_20171005211852_104001003393B800_17OCT05211852-P1BS-501862028090_01_P003_u08rf3031,1553597514.3614717,1553597650.0100431,0
WV03_20171114054554_10400100354C4D00_17NOV14054554-P1BS-501932116080_01_P003_u08rf3031,1553597650.1489182,1553597765.6409132,81
WV03_20170911034411_10400100315FAD00_17SEP11034411-P1BS-501984220080_01_P004_u08rf3031,1553597765.7694635,1553597902.2450492,2
WV03_20170905083926_1040010033990D00_17SEP05083926-P1BS-501603216030_01_P003_u08rf3031,1553597902.3808217,1553598009.3017447,0
WV03_20171023143922_1040010034B64D00_17OCT23143922-P1BS-501862236020_01_P006_u08rf3031,1553598009.433449,1553598145.928188,16
WV03_20171115025611_1040010034AA1100_17NOV15025611-P1BS-501920095060_01_P007_u08rf3031,1553598146.0640056,1553598274.7626443,0
WV03_20170912165912_10400100316BFC00_17SEP12165912-P1BS-501946161080_01_P003_u08rf3031,1553598274.8956637,1553598403.1703653,0
WV03_20171219083242_1040010035780300_17DEC19083242-P1BS-501932165070_01_P011_u08rf3031,1553598403.3001118,1553598527.270154,0
WV03_20171030211951_104001003444FD00_17OCT30211951-P1BS-501917427040_01_P009_u08rf3031,1553598527.5104656,1553598686.6087909,11
WV03_20171031070200_104001003433FF00_17OCT31070200-P1BS-501917420090_01_P002_u08rf3031,1553598686.7505267,1553598806.8812878,11
WV03_20171213131940_10400100366EB400_17DEC13131940-P1BS-501956503010_01_P007_u08rf3031,1553598807.0190244,1553598923.3365467,246
WV03_20171231050115_10400100374AFB00_17DEC31050115-P1BS-501968386090_01_P002_u08rf3031,1553598923.571125,1553599055.4448607,34
WV03_20171001040445_1040010033166B00_17OCT01040445-P1BS-501946280060_01_P004_u08rf3031,1553599055.5822666,1553599199.756299,3
WV03_20171002042013_104001003388D600_17OCT02042013-P1BS-501946334080_01_P001_u08rf3031,1553599199.9988427,1553599374.1814532,24
WV03_20170911034414_10400100315FAD00_17SEP11034414-P1BS-501984220080_01_P006_u08rf3031,1553599374.313295,1553599515.2726245,1
WV03_20171230142738_10400100368CCB00_17DEC30142738-P1BS-501956589010_01_P005_u08rf3031,1553599515.491355,1553599608.9906995,93
WV03_20171005033002_1040010035902700_17OCT05033002-P1BS-501862247020_01_P004_u08rf3031,1553599609.1209173,1553599780.0243154,1
WV03_20170906040421_1040010031952700_17SEP06040421-P1BS-501984230050_01_P006_u08rf3031,1553599780.1460798,1553599951.5923758,6
WV03_20171006003107_1040010034474500_17OCT06003107-P1BS-501862152100_01_P002_u08rf3031,1553599951.8889117,1553600136.3075895,5
WV03_20171117144744_1040010035411200_17NOV17144744-P1BS-501922412070_01_P001_u08rf3031,1553600136.4565852,1553600250.1542919,0
WV03_20170927142233_10400100332D4B00_17SEP27142233-P1BS-501946285100_01_P008_u08rf3031,1553600250.4163616,1553600398.1159658,0
WV03_20170919090424_10400100343CE400_17SEP19090424-P1BS-501946350080_01_P001_u08rf3031,1553600398.3561049,1553600544.47984,0
WV03_20171205062216_1040010037899400_17DEC05062216-P1BS-501954095070_01_P001_u08rf3031,1553600544.6052604,1553600684.098009,282
WV03_20180110140352_1040010036700100_18JAN10140352-P1BS-501956503050_01_P008_u08rf3031,1553600684.295062,1553600809.6000032,16
WV03_20171218062835_1040010037708200_17DEC18062835-P1BS-501968397050_01_P002_u08rf3031,1553600809.744606,1553600921.965639,1
WV03_20171121234545_10400100343F2100_17NOV21234545-P1BS-501917425010_01_P002_u08rf3031,1553600922.0848837,1553601066.9213998,0
WV03_20170908173256_1040010032554C00_17SEP08173256-P1BS-501603145040_01_P005_u08rf3031,1553601067.0348547,1553601166.7470522,0
WV03_20171005225559_10400100332B7E00_17OCT05225559-P1BS-501861948030_01_P001_u08rf3031,1553601166.8942301,1553601292.6523588,0
WV03_20171104062453_1040010033AF3000_17NOV04062453-P1BS-501896778090_01_P005_u08rf3031,1553601292.824541,1553601418.5210557,17
WV03_20170907234442_1040010031ACF900_17SEP07234442-P1BS-501669245060_01_P002_u08rf3031,1553601418.6581147,1553601587.7561743,0
WV03_20171212211104_1040010036D48000_17DEC12211104-P1BS-501968324040_01_P009_u08rf3031,1553601587.9751828,1553601681.613698,0
WV03_20170925152946_1040010032C90600_17SEP25152946-P1BS-501946274020_01_P002_u08rf3031,1553601681.751021,1553601839.6611989,3
WV03_20171120055220_10400100341A6000_17NOV20055220-P1BS-501896790010_01_P009_u08rf3031,1553601839.814849,1553601982.7539954,0
WV03_20170905231253_1040010031B60C00_17SEP05231253-P1BS-501669248010_01_P006_u08rf3031,1553601982.9557598,1553602073.3345776,0
WV03_20171025213848_1040010036BA3500_17OCT25213848-P1BS-501968306040_01_P004_u08rf3031,1553602073.5719337,1553602236.7322266,32
WV03_20171231211340_10400100371EE000_17DEC31211340-P1BS-501968375070_01_P003_u08rf3031,1553602237.3088243,1553602350.8291006,70
WV03_20171017063600_1040010034422D00_17OCT17063600-P1BS-501862150070_01_P006_u08rf3031,1553602350.964999,1553602466.9478393,16
WV03_20171020090104_1040010034832100_17OCT20090104-P1BS-501862227060_01_P009_u08rf3031,1553602467.0897162,1553602614.222751,1
WV03_20171205174246_1040010036B9AE00_17DEC05174246-P1BS-501968306020_01_P001_u08rf3031,1553602614.3536606,1553602759.8680701,85
WV03_20180105030411_10400100378C0D00_18JAN05030411-P1BS-501954097080_01_P007_u08rf3031,1553602759.9853191,1553602808.8895426,171
WV03_20171010031101_10400100322AE200_17OCT10031101-P1BS-501861931030_01_P003_u08rf3031,1553602809.0235345,1553602955.151538,6
WV03_20171120055218_10400100341A6000_17NOV20055218-P1BS-501896790010_01_P008_u08rf3031,1553602955.3080125,1553603075.0877883,0
WV03_20171014135557_1040010033272E00_17OCT14135557-P1BS-501861946040_01_P002_u08rf3031,1553603075.242379,1553603223.013528,233
WV03_20171207114053_10400100360DC300_17DEC07114053-P1BS-501934408030_01_P003_u08rf3031,1553603223.1650336,1553603371.3947616,0
WV03_20180109122000_104001003613E600_18JAN09122000-P1BS-501934411070_01_P006_u08rf3031,1553603371.5045915,1553603506.5914996,0
WV03_20171216185725_1040010035993400_17DEC16185725-P1BS-501932187030_01_P002_u08rf3031,1553603506.906643,1553603642.3502555,73
WV03_20171218081354_10400100361F7600_17DEC18081354-P1BS-501953986020_01_P004_u08rf3031,1553603642.5974593,1553603788.5454228,0
WV03_20171008203003_10400100334D1A00_17OCT08203003-P1BS-501862013060_01_P001_u08rf3031,1553603788.7374587,1553603941.4685955,2
WV03_20171226150446_10400100379FD100_17DEC26150446-P1BS-501954104010_01_P001_u08rf3031,1553603941.6412985,1553604062.888435,0
WV03_20171119133428_1040010034283300_17NOV19133428-P1BS-501896796020_01_P010_u08rf3031,1553604063.0270064,1553604127.415955,0
WV03_20171010044815_10400100346F2000_17OCT10044815-P1BS-501862222020_01_P010_u08rf3031,1553604127.5466542,1553604199.790537,7
WV03_20171123224030_1040010035766C00_17NOV23224030-P1BS-501932164060_01_P004_u08rf3031,1553604199.8971374,1553604392.8340452,82
WV03_20171231131510_1040010037D67B00_17DEC31131510-P1BS-501954062040_01_P009_u08rf3031,1553604393.423838,1553604535.376554,0
WV03_20170906134533_1040010031A23E00_17SEP06134533-P1BS-501669243020_01_P001_u08rf3031,1553604535.5116255,1553604667.7005987,0
WV03_20171219065208_1040010036A3A500_17DEC19065208-P1BS-501956602100_01_P007_u08rf3031,1553604667.82174,1553604787.9617238,0
WV03_20171123224026_1040010035766C00_17NOV23224026-P1BS-501932164060_01_P002_u08rf3031,1553604788.5647604,1553604950.951215,97
WV03_20171224125627_1040010037146C00_17DEC24125627-P1BS-501968333100_01_P003_u08rf3031,1553604951.209456,1553605133.9669852,0
WV03_20171214182558_10400100365DB100_17DEC14182558-P1BS-501956494030_01_P002_u08rf3031,1553605134.094838,1553605296.838915,8
WV03_20171107103145_1040010035625600_17NOV07103145-P1BS-501932129010_01_P002_u08rf3031,1553605297.0981917,1553605441.8561928,0
WV03_20171216172103_104001003772C400_17DEC16172103-P1BS-501968395040_01_P001_u08rf3031,1553605441.9985602,1553605578.0351906,81
WV03_20171104142952_1040010034C07000_17NOV04142952-P1BS-501920103100_01_P002_u08rf3031,1553605578.4291072,1553605704.4840562,2
WV03_20180110140354_1040010036700100_18JAN10140354-P1BS-501956503050_01_P009_u08rf3031,1553605704.7570248,1553605855.7397587,116
WV03_20170829020025_1040010032BE7600_17AUG29020025-P1BS-501603156010_01_P004_u08rf3031,1553605855.8643954,1553605992.3968267,0
WV03_20180107212518_10400100374A9900_18JAN07212518-P1BS-501968386070_01_P002_u08rf3031,1553605992.7999358,1553606190.47097,118
WV03_20171125034601_1040010036315800_17NOV25034601-P1BS-501953994060_01_P002_u08rf3031,1553606190.5931745,1553606357.2406504,0
WV03_20171014135444_1040010034033600_17OCT14135444-P1BS-501862138030_01_P005_u08rf3031,1553606357.4000716,1553606437.83046,50
WV03_20170908043706_1040010031B76C00_17SEP08043706-P1BS-501669248040_01_P010_u08rf3031,1553606437.933391,1553606487.691747,3
WV03_20171015141112_1040010033C93E00_17OCT15141112-P1BS-501862132070_01_P005_u08rf3031,1553606487.7799215,1553606631.844194,522
WV03_20171005162801_1040010033699700_17OCT05162801-P1BS-501862020100_01_P005_u08rf3031,1553606631.949015,1553606820.3420775,64
WV03_20171213145427_10400100378C3000_17DEC13145427-P1BS-501954096090_01_P002_u08rf3031,1553606820.4677477,1553606973.7379773,6
WV03_20171005033004_1040010035902700_17OCT05033004-P1BS-501862247020_01_P005_u08rf3031,1553606973.856957,1553607144.9988027,3
WV03_20170915125031_1040010032768700_17SEP15125031-P1BS-501946243020_01_P001_u08rf3031,1553607145.1394818,1553607331.9910254,5
WV03_20171127234135_10400100365EED00_17NOV27234135-P1BS-501956494060_01_P003_u08rf3031,1553607332.1264179,1553607458.9812467,56
WV03_20171201230817_104001003646E900_17DEC01230817-P1BS-501954012040_01_P003_u08rf3031,1553607459.1285822,1553607609.9257615,0
WV03_20171003061226_10400100333EF600_17OCT03061226-P1BS-501862011030_01_P002_u08rf3031,1553607610.0699663,1553607745.3327308,26
WV03_20171229141141_1040010037A28D00_17DEC29141141-P1BS-501954104030_01_P002_u08rf3031,1553607745.4880795,1553607887.8582358,89
WV03_20171208182923_1040010036A56200_17DEC08182923-P1BS-501956604090_01_P003_u08rf3031,1553607888.1529596,1553608014.2769797,0
WV03_20170913153740_10400100328C2700_17SEP13153740-P1BS-501946246050_01_P010_u08rf3031,1553608014.4514678,1553608069.1778548,0
WV03_20171107120735_1040010035547300_17NOV07120735-P1BS-501932119020_01_P007_u08rf3031,1553608069.3409126,1553608217.5288298,0
WV03_20171230142800_10400100367D9900_17DEC30142800-P1BS-501956515030_01_P002_u08rf3031,1553608217.756678,1553608361.5626218,960
WV03_20180110221053_10400100363FB000_18JAN10221053-P1BS-501954007020_01_P005_u08rf3031,1553608361.716299,1553608496.8027043,41
WV03_20171111050042_10400100342E7F00_17NOV11050042-P1BS-501896797090_01_P010_u08rf3031,1553608496.969499,1553608553.687142,0
WV03_20171024051241_10400100342F2500_17OCT24051241-P1BS-501896798020_01_P001_u08rf3031,1553608553.8157594,1553608669.0626457,21
WV03_20171021140637_104001003568EC00_17OCT21140637-P1BS-501862248040_01_P005_u08rf3031,1553608669.2193115,1553608780.913151,5
WV03_20171004192851_104001003213CF00_17OCT04192851-P1BS-501861930040_01_P007_u08rf3031,1553608781.073115,1553608907.193466,0
WV03_20171013165706_1040010033C3A400_17OCT13165706-P1BS-501862132020_01_P003_u08rf3031,1553608907.4207966,1553609030.310426,0
WV03_20171119133417_1040010034283300_17NOV19133417-P1BS-501896796020_01_P003_u08rf3031,1553609030.4761772,1553609173.1460361,1
WV03_20171213101311_1040010036737300_17DEC13101311-P1BS-501956506070_01_P007_u08rf3031,1553609173.2968824,1553609318.4142978,1
WV03_20170818231717_1040010032AA7700_17AUG18231717-P1BS-501946250040_01_P002_u08rf3031,1553609318.7397444,1553609452.5571096,0
WV03_20171212095738_10400100364CEB00_17DEC12095738-P1BS-501954086050_01_P001_u08rf3031,1553609452.7806919,1553609611.0230017,8
WV03_20170920105822_1040010032409700_17SEP20105822-P1BS-501946232040_01_P001_u08rf3031,1553609611.2851524,1553609791.5367312,3
WV03_20170930035001_1040010032459400_17SEP30035001-P1BS-501946234070_01_P004_u08rf3031,1553609793.4575849,1553609930.7048936,355
WV03_20171214151703_10400100352EE100_17DEC14151703-P1BS-501922398090_01_P005_u08rf3031,1553609932.352626,1553610084.4369676,0
WV03_20171123094949_10400100355F9C00_17NOV23094949-P1BS-501932130090_01_P010_u08rf3031,1553610084.9633434,1553610148.4643302,0
WV03_20171218081557_104001003616F100_17DEC18081557-P1BS-501934414010_01_P008_u08rf3031,1553610148.600665,1553610300.6541917,0
WV03_20171123224138_10400100357D2200_17NOV23224138-P1BS-501932167090_01_P005_u08rf3031,1553610300.7849507,1553610430.788825,29
WV03_20170916014809_104001003297CB00_17SEP16014809-P1BS-501946249030_01_P003_u08rf3031,1553610430.9288516,1553610594.0927403,7
WV03_20171118002006_10400100346CD700_17NOV18002006-P1BS-501917439100_01_P001_u08rf3031,1553610594.2547915,1553610728.099417,25
WV03_20170914043305_10400100325EA300_17SEP14043305-P1BS-501946237030_01_P009_u08rf3031,1553610728.2251935,1553610904.946985,12
WV03_20171121140309_104001003414FE00_17NOV21140309-P1BS-501896788080_01_P002_u08rf3031,1553610905.0830321,1553611054.3477108,96
WV03_20171229042850_1040010035CF1800_17DEC29042850-P1BS-501934395010_01_P005_u08rf3031,1553611054.5652854,1553611216.9752967,160
WV03_20180109184114_1040010037C4E000_18JAN09184114-P1BS-501954114100_01_P010_u08rf3031,1553611217.3766139,1553611286.8313763,0
WV03_20170915143113_10400100321CA400_17SEP15143113-P1BS-501946225070_01_P004_u08rf3031,1553611286.9413192,1553611423.5996788,1
WV03_20171205125350_1040010035018500_17DEC05125350-P1BS-501920242010_01_P005_u08rf3031,1553611424.034032,1553611592.9805446,8
WV03_20171002042058_1040010034AD4D00_17OCT02042058-P1BS-501946356090_01_P001_u08rf3031,1553611593.1116025,1553611753.6210194,2
WV03_20170905003335_1040010032CA3E00_17SEP05003335-P1BS-501603157080_01_P003_u08rf3031,1553611753.7452357,1553611904.3627338,0
WV03_20170901042313_104001003106A700_17SEP01042313-P1BS-501667684070_01_P001_u08rf3031,1553611904.5688472,1553612060.8126657,9
WV03_20171001134911_104001003269F200_17OCT01134911-P1BS-501946240100_01_P010_u08rf3031,1553612060.955935,1553612149.8184414,0
WV03_20171206145217_10400100367C2700_17DEC06145217-P1BS-501956512060_01_P006_u08rf3031,1553612150.0031333,1553612278.2684898,2
WV03_20171006213422_10400100333A7700_17OCT06213422-P1BS-501862010020_01_P006_u08rf3031,1553612278.45527,1553612423.8986294,16
WV03_20171022044042_10400100344FD100_17OCT22044042-P1BS-501862153070_01_P004_u08rf3031,1553612424.2264564,1553612561.85415,55
WV03_20171005100305_10400100344F3700_17OCT05100305-P1BS-501862152020_01_P004_u08rf3031,1553612561.9741545,1553612687.4411957,0
WV03_20171230223249_1040010036247B00_17DEC30223249-P1BS-501953989040_01_P004_u08rf3031,1553612687.5594883,1553612871.5443022,29
WV03_20170722130653_104001003154C300_17JUL22130653-P1BS-501603219100_01_P003_u08rf3031,1553612871.734329,1553613023.4453976,1
WV03_20171109235317_10400100341DFC00_17NOV09235317-P1BS-501896793030_01_P006_u08rf3031,1553613023.7157118,1553613171.14062,37
WV03_20171027140320_1040010034872700_17OCT27140320-P1BS-501920081070_01_P003_u08rf3031,1553613171.3275077,1553613313.5254614,0
WV03_20170831233315_1040010032C40C00_17AUG31233315-P1BS-501603157060_01_P003_u08rf3031,1553613313.6456568,1553613459.1448483,3
WV03_20171115234910_104001003553E900_17NOV15234910-P1BS-501932121070_01_P001_u08rf3031,1553613459.2831583,1553613595.99194,18
WV03_20170904082528_1040010032941400_17SEP04082528-P1BS-501603151080_01_P003_u08rf3031,1553613596.1041117,1553613758.1561131,9
WV03_20171119053650_1040010034979B00_17NOV19053650-P1BS-501920087070_01_P008_u08rf3031,1553613758.286252,1553613888.1126404,0
WV03_20171218130540_1040010037BE1B00_17DEC18130540-P1BS-501954113020_01_P002_u08rf3031,1553613888.2795563,1553613940.7062044,0
WV03_20171012195556_1040010035523C00_17OCT12195556-P1BS-501862245070_01_P001_u08rf3031,1553613940.900612,1553614062.6561444,16
WV03_20171002154136_10400100335CCB00_17OCT02154136-P1BS-501946295060_01_P005_u08rf3031,1553614062.8718657,1553614229.2684886,0
WV03_20170722224523_104001002F579500_17JUL22224523-P1BS-501497983050_01_P009_u08rf3031,1553614229.388939,1553614418.1822846,265
WV03_20170912165834_1040010032781200_17SEP12165834-P1BS-501946242040_01_P012_u08rf3031,1553614418.3441694,1553614533.9142594,1
WV03_20171231211327_1040010035D4FE00_17DEC31211327-P1BS-501934397080_01_P005_u08rf3031,1553614534.276757,1553614675.9257812,13
WV03_20170905231317_1040010030A44500_17SEP05231317-P1BS-501983994050_01_P008_u08rf3031,1553614676.1207402,1553614818.0911968,2
WV03_20171004161222_10400100343BC100_17OCT04161222-P1BS-501862149020_01_P006_u08rf3031,1553614818.2603252,1553614960.3145773,19
WV03_20180105030304_10400100371E4000_18JAN05030304-P1BS-501968375050_01_P003_u08rf3031,1553614960.4672027,1553615105.6816208,6
WV03_20171108220233_1040010035D7F000_17NOV08220233-P1BS-501934398080_01_P005_u08rf3031,1553615105.8589568,1553615306.0232606,32
WV03_20171207114214_10400100350EF600_17DEC07114214-P1BS-501920250040_01_P005_u08rf3031,1553615306.1520262,1553615468.8033848,0
WV03_20171205112122_1040010035670F00_17DEC05112122-P1BS-501932136070_01_P001_u08rf3031,1553615468.9252982,1553615594.592061,0
WV03_20170925072253_1040010033869B00_17SEP25072253-P1BS-501946333020_01_P002_u08rf3031,1553615594.7516024,1553615737.3162909,9
WV03_20170716131002_104001002F2A7D00_17JUL16131002-P1BS-501992558050_01_P002_u08rf3031,1553615737.6044295,1553615865.9610324,0
WV03_20171022061710_1040010034AA8200_17OCT22061710-P1BS-501862234090_01_P001_u08rf3031,1553615866.307688,1553615998.5218365,0
WV03_20171024002005_10400100325AC600_17OCT24002005-P1BS-501896676070_01_P002_u08rf3031,1553615998.721353,1553616142.324905,10
WV03_20170917034143_104001003332B600_17SEP17034143-P1BS-501946286080_01_P002_u08rf3031,1553616142.695067,1553616266.2119367,43
WV03_20170912165825_1040010032781200_17SEP12165825-P1BS-501946242040_01_P006_u08rf3031,1553616266.4186618,1553616399.1079237,0
WV03_20171023000547_10400100335C5B00_17OCT23000547-P1BS-501862017040_01_P008_u08rf3031,1553616399.2466059,1553616516.4216645,6
WV03_20171110223239_10400100356A0200_17NOV10223239-P1BS-501932137090_01_P002_u08rf3031,1553616516.553539,1553616645.145883,1
WV03_20170914060729_104001003234EE00_17SEP14060729-P1BS-501946230090_01_P002_u08rf3031,1553616645.296035,1553616779.1608245,0
WV03_20171109042908_10400100343EA500_17NOV09042908-P1BS-501917426030_01_P004_u08rf3031,1553616779.2754016,1553616929.5923758,1
WV03_20171201065740_10400100358AFA00_17DEC01065740-P1BS-501932179010_01_P001_u08rf3031,1553616929.8033106,1553617080.219561,79
WV03_20171217141952_1040010037587B00_17DEC17141952-P1BS-501968392040_01_P007_u08rf3031,1553617080.4989119,1553617231.4352877,252
WV03_20171115221411_10400100348F8F00_17NOV15221411-P1BS-501920085080_01_P007_u08rf3031,1553617231.6646264,1553617392.4742486,3
WV03_20170914043405_1040010033B73100_17SEP14043405-P1BS-501946342010_01_P008_u08rf3031,1553617392.743628,1553617552.6423233,0
WV03_20171106213308_10400100348A1500_17NOV06213308-P1BS-501920079040_01_P007_u08rf3031,1553617552.8382914,1553617705.5310829,392
WV03_20171106213228_104001003385AA00_17NOV06213228-P1BS-501896774080_01_P001_u08rf3031,1553617705.6564574,1553617845.5180984,76
WV03_20171210140718_1040010037BFEF00_17DEC10140718-P1BS-501954113050_01_P002_u08rf3031,1553617845.632735,1553617996.0656035,1733
WV03_20171221040238_1040010037485300_17DEC21040238-P1BS-501968386030_01_P001_u08rf3031,1553617996.3341818,1553618219.6432095,123
WV03_20171207114209_10400100350EF600_17DEC07114209-P1BS-501920250040_01_P002_u08rf3031,1553618219.7702909,1553618383.9657784,0
WV03_20171227232402_1040010037ACD200_17DEC27232402-P1BS-501954108090_01_P001_u08rf3031,1553618384.0827115,1553618482.538569,0
WV03_20171105032723_104001003356D400_17NOV05032723-P1BS-501896770020_01_P005_u08rf3031,1553618482.6389723,1553618641.6746807,1
WV03_20170925090145_10400100332B1300_17SEP25090145-P1BS-501946284060_01_P002_u08rf3031,1553618641.9758544,1553618783.540231,0
WV03_20171129063525_1040010035929100_17NOV29063525-P1BS-501932182060_01_P006_u08rf3031,1553618783.8429327,1553618913.9431887,0
WV03_20170830231748_104001003206E800_17AUG30231748-P1BS-501669353060_01_P003_u08rf3031,1553618914.099861,1553619062.2962165,2
WV03_20180108052644_10400100375AFE00_18JAN08052644-P1BS-501968392090_01_P001_u08rf3031,1553619062.433042,1553619184.3571382,134
WV03_20171230044647_1040010036690100_17DEC30044647-P1BS-501956500050_01_P004_u08rf3031,1553619184.5322104,1553619327.4902132,190
WV03_20170927173704_1040010032867700_17SEP27173704-P1BS-501946246010_01_P004_u08rf3031,1553619327.6432173,1553619456.8169963,1
WV03_20171214120343_1040010036695200_17DEC14120343-P1BS-501956499100_01_P004_u08rf3031,1553619456.9687061,1553619614.0058222,0
WV03_20171029045300_10400100357B0A00_17OCT29045300-P1BS-501932167010_01_P003_u08rf3031,1553619614.1564286,1553619785.6392548,0
WV03_20170908173250_1040010032554C00_17SEP08173250-P1BS-501603145040_01_P001_u08rf3031,1553619785.892036,1553619913.9314284,0
WV03_20171203104751_10400100358A8A00_17DEC03104751-P1BS-501932177040_01_P005_u08rf3031,1553619914.180685,1553620042.9811354,0
WV03_20171215072057_10400100363C5D00_17DEC15072057-P1BS-501954004080_01_P005_u08rf3031,1553620043.1157818,1553620190.0930145,0
WV03_20170906134538_1040010031A23E00_17SEP06134538-P1BS-501669243020_01_P005_u08rf3031,1553620193.4580412,1553620275.9989996,0
WV03_20180101115227_1040010035BAB700_18JAN01115227-P1BS-501934298020_01_P009_u08rf3031,1553620276.4711816,1553620463.1347492,7
WV03_20171214151704_10400100352EE100_17DEC14151704-P1BS-501922398090_01_P006_u08rf3031,1553620463.3134975,1553620613.7194264,0
WV03_20171005001521_10400100347C4500_17OCT05001521-P1BS-501862223100_01_P001_u08rf3031,1553620613.862888,1553620734.3445206,1
WV03_20180107051246_10400100371ABB00_18JAN07051246-P1BS-501968375010_01_P003_u08rf3031,1553620734.4693344,1553620869.5511863,44
WV03_20170916211501_10400100325F3100_17SEP16211501-P1BS-501986281050_01_P006_u08rf3031,1553620869.6966586,1553621031.9476032,0
WV03_20171106213209_1040010035B48D00_17NOV06213209-P1BS-501934294010_01_P008_u08rf3031,1553621032.0885243,1553621213.800967,304
WV03_20170716131004_104001002F2A7D00_17JUL16131004-P1BS-501992558050_01_P003_u08rf3031,1553621213.9279594,1553621353.6624858,0
WV03_20170925072255_1040010033869B00_17SEP25072255-P1BS-501946333020_01_P003_u08rf3031,1553621353.7822986,1553621495.6368082,6
WV03_20170913171442_1040010032028A00_17SEP13171442-P1BS-501946165060_01_P004_u08rf3031,1553621495.7888088,1553621628.955924,2
WV03_20171229141257_10400100385F7100_17DEC29141257-P1BS-501954067060_01_P007_u08rf3031,1553621629.0813835,1553621798.8470473,88
WV03_20171114041002_104001003504E800_17NOV14041002-P1BS-501920245010_01_P004_u08rf3031,1553621798.9610748,1553621946.960743,184
WV03_20171010044840_1040010035A88B00_17OCT10044840-P1BS-501862250060_01_P005_u08rf3031,1553621947.194303,1553622089.1036782,22
WV03_20171028043617_1040010033B9BE00_17OCT28043617-P1BS-501896779030_01_P004_u08rf3031,1553622089.281471,1553622215.4855804,23
WV03_20171225114145_1040010037D15800_17DEC25114145-P1BS-501954061100_01_P006_u08rf3031,1553622215.6191542,1553622345.5704007,2
WV03_20170926105455_1040010032D5F000_17SEP26105455-P1BS-501946275080_01_P004_u08rf3031,1553622345.716915,1553622470.13191,0
WV03_20171008135852_104001003249AE00_17OCT08135852-P1BS-501861929070_01_P005_u08rf3031,1553622470.2467105,1553622616.957907,0
WV03_20171225001357_104001003780E700_17DEC25001357-P1BS-501968402010_01_P010_u08rf3031,1553622617.0726638,1553622784.527227,36
WV03_20171230174234_1040010036AB4500_17DEC30174234-P1BS-501956607100_01_P001_u08rf3031,1553622784.6426868,1553622902.3626592,3
WV03_20171215072158_1040010036C3CB00_17DEC15072158-P1BS-501968314010_01_P006_u08rf3031,1553622902.4778025,1553623064.0153356,0
WV03_20171201195843_10400100341BBC00_17DEC01195843-P1BS-501896792070_01_P005_u08rf3031,1553623064.1303394,1553623214.1425402,0
WV03_20180104140959_1040010036B96600_18JAN04140959-P1BS-501968305100_01_P006_u08rf3031,1553623214.2673547,1553623353.9250534,0
WV03_20171229141150_1040010037A28D00_17DEC29141150-P1BS-501954104030_01_P007_u08rf3031,1553623354.073506,1553623533.6014633,46
